# t	vel	pos
0.01	9.93467	10.0663
0.02	9.86933	10.1322
0.03	9.804	10.1977
0.04	9.73867	10.2627
0.05	9.67333	10.3273
0.06	9.608	10.3915
0.07	9.54267	10.4552
0.08	9.47733	10.5185
0.09	9.412	10.5814
0.1	9.34667	10.6438
0.11	9.28133	10.7058
0.12	9.216	10.7673
0.13	9.15067	10.8284
0.14	9.08533	10.8891
0.15	9.02	10.9494
0.16	8.95467	11.0092
0.17	8.88933	11.0685
0.18	8.824	11.1275
0.19	8.75867	11.186
0.2	8.69333	11.244
0.21	8.628	11.3017
0.22	8.56267	11.3589
0.23	8.49733	11.4156
0.24	8.432	11.4719
0.25	8.36667	11.5278
0.26	8.30133	11.5833
0.27	8.236	11.6383
0.28	8.17067	11.6929
0.29	8.10533	11.747
0.3	8.04	11.8007
0.31	7.97467	11.854
0.32	7.90933	11.9068
0.33	7.844	11.9592
0.34	7.77867	12.0112
0.35	7.71333	12.0627
0.36	7.648	12.1138
0.37	7.58267	12.1645
0.38	7.51733	12.2147
0.39	7.452	12.2645
0.4	7.38667	12.3139
0.41	7.32133	12.3628
0.42	7.256	12.4113
0.43	7.19067	12.4593
0.44	7.12533	12.5069
0.45	7.06	12.5541
0.46	6.99467	12.6008
0.47	6.92933	12.6471
0.48	6.864	12.693
0.49	6.79867	12.7384
0.5	6.73333	12.7834
0.51	6.668	12.828
0.52	6.60267	12.8721
0.53	6.53733	12.9158
0.54	6.472	12.9591
0.55	6.40667	13.0019
0.56	6.34133	13.0443
0.57	6.276	13.0862
0.58	6.21067	13.1277
0.59	6.14533	13.1688
0.6	6.08	13.2095
0.61	6.01467	13.2497
0.62	5.94933	13.2894
0.63	5.884	13.3288
0.64	5.81867	13.3677
0.65	5.75333	13.4061
0.66	5.688	13.4442
0.67	5.62267	13.4818
0.68	5.55733	13.5189
0.69	5.492	13.5556
0.7	5.42667	13.5919
0.71	5.36133	13.6278
0.72	5.296	13.6632
0.73	5.23067	13.6982
0.74	5.16533	13.7327
0.75	5.1	13.7668
0.76	5.03467	13.8005
0.77	4.96933	13.8337
0.78	4.904	13.8665
0.79	4.83867	13.8989
0.8	4.77333	13.9308
0.81	4.708	13.9623
0.82	4.64267	13.9934
0.83	4.57733	14.024
0.84	4.512	14.0542
0.85	4.44667	14.084
0.86	4.38133	14.1133
0.87	4.316	14.1422
0.88	4.25067	14.1706
0.89	4.18533	14.1986
0.9	4.12	14.2262
0.91	4.05467	14.2533
0.92	3.98933	14.28
0.93	3.924	14.3063
0.94	3.85867	14.3321
0.95	3.79333	14.3575
0.96	3.728	14.3825
0.97	3.66267	14.407
0.98	3.59733	14.4311
0.99	3.532	14.4548
1	3.46667	14.478
1.01	3.40133	14.5008
1.02	3.336	14.5231
1.03	3.27067	14.545
1.04	3.20533	14.5665
1.05	3.14	14.5876
1.06	3.07467	14.6082
1.07	3.00933	14.6283
1.08	2.944	14.6481
1.09	2.87867	14.6674
1.1	2.81333	14.6862
1.11	2.748	14.7047
1.12	2.68267	14.7227
1.13	2.61733	14.7402
1.14	2.552	14.7573
1.15	2.48667	14.774
1.16	2.42133	14.7903
1.17	2.356	14.8061
1.18	2.29067	14.8215
1.19	2.22533	14.8364
1.2	2.16	14.8509
1.21	2.09467	14.865
1.22	2.02933	14.8786
1.23	1.964	14.8918
1.24	1.89867	14.9046
1.25	1.83333	14.9169
1.26	1.768	14.9288
1.27	1.70267	14.9403
1.28	1.63733	14.9513
1.29	1.572	14.9619
1.3	1.50667	14.9721
1.31	1.44133	14.9818
1.32	1.376	14.9911
1.33	1.31067	14.9999
1.34	1.24533	15.0083
1.35	1.18	15.0163
1.36	1.11467	15.0238
1.37	1.04933	15.0309
1.38	0.984	15.0376
1.39	0.918667	15.0438
1.4	0.853333	15.0496
1.41	0.788	15.055
1.42	0.722667	15.0599
1.43	0.657333	15.0644
1.44	0.592	15.0685
1.45	0.526667	15.0721
1.46	0.461333	15.0753
1.47	0.396	15.078
1.48	0.330667	15.0803
1.49	0.265333	15.0822
1.5	0.2	15.0837
1.51	0.134667	15.0847
1.52	0.0693333	15.0852
1.53	0.004	15.0854
1.54	-0.0613333	15.0851
1.55	-0.126667	15.0843
1.56	-0.192	15.0832
1.57	-0.257333	15.0816
1.58	-0.322667	15.0795
1.59	-0.388	15.077
1.6	-0.453333	15.0741
1.61	-0.518667	15.0708
1.62	-0.584	15.067
1.63	-0.649333	15.0628
1.64	-0.714667	15.0581
1.65	-0.78	15.053
1.66	-0.845333	15.0475
1.67	-0.910667	15.0415
1.68	-0.976	15.0351
1.69	-1.04133	15.0283
1.7	-1.10667	15.021
1.71	-1.172	15.0133
1.72	-1.23733	15.0052
1.73	-1.30267	14.9966
1.74	-1.368	14.9876
1.75	-1.43333	14.9782
1.76	-1.49867	14.9683
1.77	-1.564	14.958
1.78	-1.62933	14.9472
1.79	-1.69467	14.936
1.8	-1.76	14.9244
1.81	-1.82533	14.9123
1.82	-1.89067	14.8998
1.83	-1.956	14.8869
1.84	-2.02133	14.8735
1.85	-2.08667	14.8597
1.86	-2.152	14.8455
1.87	-2.21733	14.8308
1.88	-2.28267	14.8157
1.89	-2.348	14.8002
1.9	-2.41333	14.7842
1.91	-2.47867	14.7678
1.92	-2.544	14.7509
1.93	-2.60933	14.7336
1.94	-2.67467	14.7159
1.95	-2.74	14.6978
1.96	-2.80533	14.6792
1.97	-2.87067	14.6601
1.98	-2.936	14.6407
1.99	-3.00133	14.6208
2	-3.06667	14.6004
2.01	-3.132	14.5797
2.02	-3.19733	14.5585
2.03	-3.26267	14.5368
2.04	-3.328	14.5147
2.05	-3.39333	14.4922
2.06	-3.45867	14.4693
2.07	-3.524	14.4459
2.08	-3.58933	14.4221
2.09	-3.65467	14.3978
2.1	-3.72	14.3731
2.11	-3.78533	14.348
2.12	-3.85067	14.3224
2.13	-3.916	14.2964
2.14	-3.98133	14.27
2.15	-4.04667	14.2431
2.16	-4.112	14.2158
2.17	-4.17733	14.1881
2.18	-4.24267	14.1599
2.19	-4.308	14.1313
2.2	-4.37333	14.1023
2.21	-4.43867	14.0728
2.22	-4.504	14.0429
2.23	-4.56933	14.0125
2.24	-4.63467	13.9817
2.25	-4.7	13.9505
2.26	-4.76533	13.9188
2.27	-4.83067	13.8867
2.28	-4.896	13.8542
2.29	-4.96133	13.8212
2.3	-5.02667	13.7878
2.31	-5.092	13.754
2.32	-5.15733	13.7197
2.33	-5.22267	13.685
2.34	-5.288	13.6499
2.35	-5.35333	13.6143
2.36	-5.41867	13.5783
2.37	-5.484	13.5418
2.38	-5.54933	13.5049
2.39	-5.61467	13.4676
2.4	-5.68	13.4299
2.41	-5.74533	13.3917
2.42	-5.81067	13.353
2.43	-5.876	13.314
2.44	-5.94133	13.2745
2.45	-6.00667	13.2345
2.46	-6.072	13.1942
2.47	-6.13733	13.1534
2.48	-6.20267	13.1121
2.49	-6.268	13.0704
2.5	-6.33333	13.0283
2.51	-6.39867	12.9858
2.52	-6.464	12.9428
2.53	-6.52933	12.8994
2.54	-6.59467	12.8555
2.55	-6.66	12.8112
2.56	-6.72533	12.7665
2.57	-6.79067	12.7213
2.58	-6.856	12.6757
2.59	-6.92133	12.6297
2.6	-6.98667	12.5832
2.61	-7.052	12.5363
2.62	-7.11733	12.489
2.63	-7.18267	12.4412
2.64	-7.248	12.393
2.65	-7.31333	12.3444
2.66	-7.37867	12.2953
2.67	-7.444	12.2458
2.68	-7.50933	12.1958
2.69	-7.57467	12.1454
2.7	-7.64	12.0946
2.71	-7.70533	12.0433
2.72	-7.77067	11.9916
2.73	-7.836	11.9395
2.74	-7.90133	11.8869
2.75	-7.96667	11.8339
2.76	-8.032	11.7805
2.77	-8.09733	11.7266
2.78	-8.16267	11.6723
2.79	-8.228	11.6176
2.8	-8.29333	11.5624
2.81	-8.35867	11.5068
2.82	-8.424	11.4507
2.83	-8.48933	11.3942
2.84	-8.55467	11.3373
2.85	-8.62	11.28
2.86	-8.68533	11.2222
2.87	-8.75067	11.1639
2.88	-8.816	11.1053
2.89	-8.88133	11.0462
2.9	-8.94667	10.9866
2.91	-9.012	10.9267
2.92	-9.07733	10.8663
2.93	-9.14267	10.8054
2.94	-9.208	10.7441
2.95	-9.27333	10.6824
2.96	-9.33867	10.6203
2.97	-9.404	10.5577
2.98	-9.46933	10.4947
2.99	-9.53467	10.4312
3	-9.6	10.3673
3.01	-9.66533	10.303
3.02	-9.73067	10.2382
3.03	-9.796	10.173
3.04	-9.86133	10.1074
3.05	-9.92667	10.0413
3.06	-9.992	9.97484
3.07	-10.0573	9.9079
3.08	-10.1227	9.84052
3.09	-10.188	9.77271
3.1	-10.2533	9.70447
3.11	-10.3187	9.63578
3.12	-10.384	9.56667
3.13	-10.4493	9.49711
3.14	-10.5147	9.42712
3.15	-10.58	9.3567
3.16	-10.6453	9.28584
3.17	-10.7107	9.21454
3.18	-10.776	9.14281
3.19	-10.8413	9.07065
3.2	-10.9067	8.99804
3.21	-10.972	8.92501
3.22	-11.0373	8.85153
3.23	-11.1027	8.77762
3.24	-11.168	8.70328
3.25	-11.2333	8.6285
3.26	-11.2987	8.55328
3.27	-11.364	8.47763
3.28	-11.4293	8.40155
3.29	-11.4947	8.32502
3.3	-11.56	8.24807
3.31	-11.6253	8.17067
3.32	-11.6907	8.09284
3.33	-11.756	8.01458
3.34	-11.8213	7.93588
3.35	-11.8867	7.85674
3.36	-11.952	7.77717
3.37	-12.0173	7.69717
3.38	-12.0827	7.61672
3.39	-12.148	7.53585
3.4	-12.2133	7.45453
3.41	-12.2787	7.37278
3.42	-12.344	7.2906
3.43	-12.4093	7.20798
3.44	-12.4747	7.12492
3.45	-12.54	7.04143
3.46	-12.6053	6.95751
3.47	-12.6707	6.87314
3.48	-12.736	6.78835
3.49	-12.8013	6.70311
3.5	-12.8667	6.61744
3.51	-12.932	6.53134
3.52	-12.9973	6.4448
3.53	-13.0627	6.35782
3.54	-13.128	6.27041
3.55	-13.1933	6.18257
3.56	-13.2587	6.09428
3.57	-13.324	6.00557
3.58	-13.3893	5.91641
3.59	-13.4547	5.82682
3.6	-13.52	5.7368
3.61	-13.5853	5.64634
3.62	-13.6507	5.55544
3.63	-13.716	5.46411
3.64	-13.7813	5.37235
3.65	-13.8467	5.28014
3.66	-13.912	5.18751
3.67	-13.9773	5.09443
3.68	-14.0427	5.00092
3.69	-14.108	4.90698
3.7	-14.1733	4.8126
3.71	-14.2387	4.71778
3.72	-14.304	4.62253
3.73	-14.3693	4.52685
3.74	-14.4347	4.43072
3.75	-14.5	4.33417
3.76	-14.5653	4.23717
3.77	-14.6307	4.13974
3.78	-14.696	4.04188
3.79	-14.7613	3.94358
3.8	-14.8267	3.84484
3.81	-14.892	3.74567
3.82	-14.9573	3.64607
3.83	-15.0227	3.54602
3.84	-15.088	3.44555
3.85	-15.1533	3.34463
3.86	-15.2187	3.24328
3.87	-15.284	3.1415
3.88	-15.3493	3.03928
3.89	-15.4147	2.93662
3.9	-15.48	2.83353
3.91	-15.5453	2.73001
3.92	-15.6107	2.62604
3.93	-15.676	2.52165
3.94	-15.7413	2.41681
3.95	-15.8067	2.31154
3.96	-15.872	2.20584
3.97	-15.9373	2.0997
3.98	-16.0027	1.99312
3.99	-16.068	1.88611
4	-16.1333	1.77867
4.01	-16.1987	1.67078
4.02	-16.264	1.56247
4.03	-16.3293	1.45371
4.04	-16.3947	1.34452
4.05	-16.46	1.2349
4.06	-16.5253	1.12484
4.07	-16.5907	1.01434
4.08	-16.656	0.903413
4.09	-16.7213	0.792047
4.1	-16.7867	0.680244
4.11	-16.852	0.568007
4.12	-16.9173	0.455333
4.13	-16.9827	0.342224
4.14	-17.048	0.22868
4.15	-17.1133	0.1147
4.16	-17.1787	0.000284444
4.17	-17.244	-0.114567
